[gd_scene load_steps=3 format=3 uid="uid://cedc7epg28vbg"]

[ext_resource type="Script" uid="uid://b0ex226bdtyea" path="res://scripts/Player.cs" id="1_71nwn"]

[sub_resource type="CylinderShape3D" id="CylinderShape3D_71nwn"]
height = 1.6
radius = 0.25

[node name="world" type="Node3D"]

[node name="CharacterBody3D" type="CharacterBody3D" parent="." node_paths=PackedStringArray("Camera")]
physics_interpolation_mode = 1
transform = Transform3D(1, 0, 0, 0, 1, 0, 0, 0, 1, 0.010253, 1.8, 0.000672102)
disable_mode = 1
collision_layer = 5
collision_mask = 3
floor_max_angle = 1.39626
script = ExtResource("1_71nwn")
GravitySpeed = -20.0
TerminalVelocity = 40.0
Camera = NodePath("camera_holder/Camera3D")

[node name="CollisionShape3D" type="CollisionShape3D" parent="CharacterBody3D"]
shape = SubResource("CylinderShape3D_71nwn")

[node name="CSGCylinder3D" type="CSGCylinder3D" parent="CharacterBody3D"]
process_mode = 4
radius = 0.25
height = 1.6

[node name="camera_holder" type="Node3D" parent="CharacterBody3D"]
transform = Transform3D(1, 0, 0, 0, 0.880519, 0.474011, 0, -0.474011, 0.880519, 0, 0, 0)

[node name="Camera3D" type="Camera3D" parent="CharacterBody3D/camera_holder"]
transform = Transform3D(1, 0, 0, 0, 1, 0, 0, 0, 1, 0, 0.2, 4)

[node name="CSGCombiner3D" type="CSGCombiner3D" parent="."]
use_collision = true
collision_layer = 3
collision_mask = 0

[node name="CSGBox3D" type="CSGBox3D" parent="CSGCombiner3D"]
transform = Transform3D(1, 0, 0, 0, 1, 0, 0, 0, 1, 0, -0.5, 0)
size = Vector3(17, 1, 17)

[node name="CSGBox3D2" type="CSGBox3D" parent="CSGCombiner3D"]
transform = Transform3D(0.504904, 0.863175, 0, -0.863175, 0.504904, 0, 0, 0, 1, 3.77358, -0.0360548, -0.0616851)
size = Vector3(2.45215, 4.05811, 1)

[node name="CSGBox3D3" type="CSGBox3D" parent="CSGCombiner3D"]
transform = Transform3D(0.896456, 0.443134, 0, -0.443134, 0.896456, 0, 0, 0, 1, 4.32781, -0.698791, -1.29374)
size = Vector3(5.44208, 4.05811, 1)

[node name="DirectionalLight3D" type="DirectionalLight3D" parent="."]
transform = Transform3D(-0.424936, -0.741569, -0.519139, 0.403697, -0.668551, 0.624555, -0.810221, 0.0558206, 0.583461, 0, 5, 0)
shadow_enabled = true
directional_shadow_mode = 1
